// monostable_multivibrator.txt
$ 1 0.000005 21.593987231061412 50 5 50
t 288 256 368 256 0 1 0.6365416347459596 0.6687940827311197 100
w 464 80 368 80 0
r 368 144 368 208 0 1000
w 368 272 368 320 0
w 288 320 112 320 0
162 368 80 368 144 2 default-led 1 0 0 0.01
g 368 320 368 336 0
R 464 80 480 80 0 0 40 9 0 0 0.5
r 288 208 368 208 0 10000
w 112 80 192 80 0
w 192 80 368 80 0
162 112 80 112 144 2 default-led 1 0 0 0.01
r 112 144 112 208 0 1000
w 368 208 368 240 0
t 192 256 112 256 0 1 -3.0545833011580594 0.032252448960365054 100
w 112 272 112 320 0
w 192 256 288 208 0
c 192 208 112 208 0 0.00009999999999999999 -2.4180416673873046
r 192 208 192 80 0 10000
w 112 208 112 240 0
w 192 208 288 256 0
s 288 256 288 320 0 1 true
w 288 320 368 320 0

