// transistor_AND_gate.txt
$ 1 0.000005 21.593987231061412 50 5 50
t 128 144 160 144 0 1 -4.99999999899 -0.4188917973984883 100
r 192 224 192 352 0 1000
g 272 352 272 368 0
R 192 80 304 80 0 0 40 5 0 0 0.5
162 272 288 272 352 2 default-led 1 0 0 0.01
r 48 144 128 144 0 10000
S 48 144 16 144 0 0 false 0 2
S 48 208 16 208 0 1 false 0 2
r 48 208 128 208 0 10000
t 128 208 160 208 0 1 0.5714141876573047 0.589342439479165 100
w -32 352 -32 224 0
w -32 224 16 224 0
w -32 224 -32 160 0
w -32 160 16 160 0
w -16 80 -16 128 0
w -16 128 16 128 0
w -16 128 -16 192 0
w -16 192 16 192 0
w 272 224 320 224 2
w -16 80 192 80 0
w 160 224 192 224 0
w 160 160 192 160 0
w -32 352 192 352 0
w 192 352 272 352 0
r 272 224 272 288 0 220
w 160 128 192 128 0
w 160 192 192 192 0
w 192 160 192 192 0
w 192 80 192 128 0
w 272 224 192 224 0