// transistor_XOR_gate.txt
$ 1 0.000005 21.593987231061412 50 5 50
t 160 144 192 144 0 1 -4.906923408763688 9.999999996133773e-10 100
r 304 64 304 128 0 220
g 352 288 352 304 0
R 448 64 512 64 0 0 40 5 0 0 0.5
162 448 112 448 176 2 default-led 1 0 0 0.01
r 80 144 160 144 0 10000
S 48 144 16 144 0 0 false 0 2
S 48 208 16 208 0 0 false 0 2
r 192 208 272 208 0 10000
t 272 208 304 208 0 1 -4.906923408763688 9.999999996133773e-10 100
w 48 144 80 144 0
w 80 144 80 256 0
w 192 160 192 208 0
w 48 208 192 208 0
w 304 224 304 256 0
w 304 256 80 256 0
w 304 192 304 128 0
w 192 128 304 128 0
w 352 288 -32 288 0
w -32 288 -32 224 0
w -32 224 16 224 0
w -32 224 -32 160 0
w -32 160 16 160 0
w 304 64 -16 64 0
w -16 64 -16 128 0
w -16 128 16 128 0
w -16 128 -16 192 0
w -16 192 16 192 0
w 448 112 496 112 2
r 304 128 384 128 0 10000
t 384 128 416 128 0 1 0.5536004125203013 0.6761693121131684 100
w 352 288 416 288 0
w 416 144 416 288 0
w 448 64 416 64 0
w 416 64 304 64 0
r 416 64 416 112 0 220
w 416 112 448 112 0
w 416 288 448 288 0
w 448 176 448 288 0