// transistor_OR_gate.txt
$ 1 0.000005 21.593987231061412 50 5 50
t 128 144 160 144 0 1 -0.4902565096575797 0.6366827394392369 100
r 192 224 192 352 0 10000
g 272 352 272 368 0
R 224 80 336 80 0 0 40 5 0 0 0.5
162 272 288 272 352 2 default-led 1 0 0 0.01
r 48 144 128 144 0 10000
S 48 144 16 144 0 1 false 0 2
S 48 208 16 208 0 1 false 0 2
r 48 208 128 208 0 10000
t 128 208 160 208 0 1 -0.4902565096575815 0.6366827394392351 100
w -32 352 -32 224 0
w -32 224 16 224 0
w -32 224 -32 160 0
w -32 160 16 160 0
w -16 80 -16 128 0
w -16 128 16 128 0
w -16 128 -16 192 0
w -16 192 16 192 0
w 272 224 320 224 2
w -16 80 224 80 0
w 160 128 224 128 0
w 160 192 224 192 0
w 224 128 224 192 0
w 160 224 192 224 0
w 160 160 192 160 0
w 192 160 192 224 0
w 224 80 224 128 0
w -32 352 192 352 0
w 192 224 272 224 0
w 192 352 272 352 0
r 272 224 272 288 0 220