// transistor_NOT_XOR_gate.txt
$ 1 0.000005 21.593987231061412 50 5 50
t 160 144 192 144 0 1 -3.9943031450778705 9.999999996133773e-10 100
r 304 64 304 128 0 220
g 352 288 352 304 0
R 304 64 416 64 0 0 40 5 0 0 0.5
162 352 128 352 192 2 default-led 1 0 0 0.01
r 80 144 160 144 0 10000
S 48 144 16 144 0 0 false 0 2
S 48 208 16 208 0 0 false 0 2
r 192 208 272 208 0 10000
t 272 208 304 208 0 1 -3.9943031450778705 9.999999996133773e-10 100
w 48 144 80 144 0
w 80 144 80 256 0
w 192 160 192 208 0
w 48 208 192 208 0
w 304 224 304 256 0
w 304 256 80 256 0
w 304 192 304 128 0
w 192 128 304 128 0
w 352 288 -32 288 0
w -32 288 -32 224 0
w -32 224 16 224 0
w -32 224 -32 160 0
w -32 160 16 160 0
w 304 64 -16 64 0
w -16 64 -16 128 0
w -16 128 16 128 0
w -16 128 -16 192 0
w -16 192 16 192 0
w 352 128 400 128 2
w 304 128 352 128 0
r 352 192 352 288 0 500
