// transistor_NOT_gate.txt
$ 1 0.000005 21.593987231061412 50 5 50
r 192 64 192 128 0 220
g 240 288 240 304 0
R 192 64 304 64 0 0 40 5 0 0 0.5
162 240 128 240 192 2 default-led 1 0 0 0.01
S 48 208 16 208 0 1 false 0 2
r 48 208 128 208 0 10000
t 128 208 160 208 0 1 0.5547624426580143 0.676196010973046 100
w -16 288 -16 224 0
w -16 224 16 224 0
w -16 64 -16 128 0
w -16 128 -16 192 0
w -16 192 16 192 0
w 240 128 288 128 2
w -16 64 192 64 0
w 160 192 192 192 0
w 192 128 192 192 0
w 160 224 192 224 0
w 192 224 192 288 0
w -16 288 192 288 0
w 192 128 240 128 0
w 240 192 240 288 0
w 192 288 240 288 0