// transistor_NAND_gate.txt
$ 1 0.000005 21.593987231061412 50 5 50
t 128 144 160 144 0 1 0.5657855847219163 0.659364650416454 100
r 224 64 224 128 0 220
g 272 288 272 304 0
R 224 64 336 64 0 0 40 5 0 0 0.5
162 272 128 272 192 2 default-led 1 0 0 0.01
r 48 144 128 144 0 10000
S 48 144 16 144 0 1 false 0 2
S 48 208 16 208 0 1 false 0 2
r 48 208 128 208 0 10000
t 128 208 160 208 0 1 0.5657855847219182 0.6593646504164559 100
w -32 288 -32 224 0
w -32 224 16 224 0
w -32 224 -32 160 0
w -32 160 16 160 0
w -16 64 -16 128 0
w -16 128 16 128 0
w -16 128 -16 192 0
w -16 192 16 192 0
w 272 128 320 128 2
w -16 64 224 64 0
w 160 128 224 128 0
w 160 192 224 192 0
w 224 128 224 192 0
w 160 224 192 224 0
w 160 160 192 160 0
w 192 160 192 224 0
w 192 224 192 288 0
w -32 288 192 288 0
w 224 128 272 128 0
w 272 192 272 288 0
w 192 288 272 288 0